10
$
-8 -4 7 2 2 -9 -7 -8 7 1
1 9 0 8 8 10 7 -6 -1 -3
-4 -6 4 4 -8 -9 -9 8 10 -9
10 -4 9 5 -8 -1 8 -9 -4 -6
8 10 7 10 10 0 -9 0 9 10
-6 5 -4 9 2 6 -9 1 1 -2
-5 4 0 1 6 -6 -1 -3 -10 2
6 -7 -7 0 -2 -9 -9 3 5 -8
4 -1 -10 10 -4 -2 -9 -9 -8 -8
5 10 -2 -4 4 0 0 -5 -6 9
$
5 8 9 4 0 8 3 -5 2 -2
-8 0 7 10 -5 -5 -1 -3 -1 -1
-3 -10 10 8 -3 -9 -8 4 -6 -7
3 -7 -4 -9 -9 -7 -3 -6 7 9
8 10 1 -4 1 -10 6 -4 -10 2
4 4 4 -6 -2 -7 9 -9 9 -5
9 10 5 -2 0 1 -8 0 1 -7
-10 -5 4 10 0 -2 9 -1 8 10
-2 -7 -1 10 -7 8 2 3 7 0
2 0 3 -6 1 -2 0 5 -9 -2
$
A+B